MovieTV/ratings_Movies_and_TV.csv
init 
init 
gg
0736930485 452
0739040308 495
0767001796 707
0767010485 734
0131858033 64
0615470890 364
0307142698 92
0767015290 793
0767023234 887
0740316834 550
000107461X 6
030714139X 80
076700258X 709
0738921947 487
076707873X 931
0310276772 140
0310327660 171
0738920916 476
0005097258 24
0310242398 111
0738921939 486
0307142485 89
0310326850 170
0310278643 144
0310692385 209
0767010957 739
061524226X 332
0615127894 319
0321514408 234
0767017528 824
0740324683 567
0615465803 363
0000143588 2
0767000013 697
0578057239 302
071800034X 427
0767025105 912
0578047861 301
0251567516 73
0615274641 337
0767013697 777
0310256003 115
0767016467 808
0310738431 221
0756034817 591
0767000099 699
0739056042 515
0130861383 60
0767024044 902
0536706298 278
0000143561 1
031068871X 206
0767001435 706
0563352019 286
0740314645 545
0767080467 932
0764004719 642
0310291186 161
0767019512 859
0738920363 465
0764000829 618
0310820111 225
076780192X 965
0323056474 244
0767017781 832
0764193597 673
076760041X 943
0073213071 46
0767803337 984
0323033156 241
0615348572 349
0005092663 22
0615837891 383
0738920207 461
0310269156 129
0615118240 317
0767802454 968
0764005693 654
0767007492 725
0767018427 838
0310329086 176
0736092358 441
0310329922 183
0307142795 95
0321321340 232
0615219225 325
0310268281 127
0767020154 864
0740319868 562
076701152X 751
0767011465 749
0495501212 271
0005004101 12
0767011910 756
076701250X 765
0310324386 168
0740316842 551
0310433576 193
0740322400 566
0736062564 437
0757990894 602
0764004425 635
075603468X 590
0767023242 888
0005200288 31
0439911664 266
0756033101 588
073904852X 511
031029116X 160
0634059009 403
0764003828 633
0739062875 523
0310399017 190
0767802578 974
0736079955 440
0578058758 304
0767023552 894
076620748X 683
013115298X 62
0073378208 50
0767014596 786
073905516X 513
0767024524 909
0615453759 362
0767016548 809
0739056530 517
0766237176 694
0764817469 677
0756032733 587
061864198X 390
0740307312 534
0767016912 813
0310278090 143
0310328683 175
0767804309 991
0615328091 344
0310290740 159
0764009303 667
073905905X 518
0615334423 346
0314197400 231
0001517791 9
0310671345 198
0767726227 947
076780421X 988
0394878566 253
0767020057 863
0615329071 345
0767021185 873
0739076744 528
0739600443 530
0767012054 759
0764005316 644
076702382X 899
0760133905 610
0739059068 519
0310329132 177
0005419263 37
0740318543 553
0310278929 147
0764009869 668
0310269873 132
0767017935 833
0767010604 735
0310257964 121
0764000942 620
0615229492 330
0767801962 966
0310271193 135
0739045059 505
0767026322 921
0767023765 898
0739043064 502
0615122434 318
0307142469 87
0738921769 485
0738920762 474
0310681189 201
0310287642 158
0005445825 38
0767008650 729
0618585559 388
0738921696 484
0767022319 882
0563412879 293
0310413710 191
076701538X 795
0563411325 288
0634015230 394
0570088933 294
076701135X 747
0740321757 563
0767015576 798
0005114349 26
0767000153 700
0740322036 565
0758907125 604
0764423320 674
0323002641 239
0310257883 120
0740316818 549
000547700X 40
0767011961 758
0739056247 516
0078618886 53
0767010744 737
0767806743 999
0767023323 890
0767016998 814
0307141136 76
061522072X 327
0615439640 359
0473164450 270
0615290183 339
0740319183 561
0767805267 995
0307142701 93
0762709960 614
0615239420 331
0767014812 789
0131433172 63
0767010981 740
0764009265 666
0618643532 391
0767017773 831
0767001303 704
0767025989 917
0310696194 214
0510539610 272
0767005562 720
0767736680 948
0310333105 185
0736051546 433
0470262575 268
0764001027 623
0679887660 416
0767020170 865
0767017757 829
0310705940 219
0767088018 940
0766229300 687
0764000373 615
0310272971 137
0634055429 401
076702320X 886
0006588204 41
0634065459 406
0767014618 787
0767011929 757
043983791X 264
0756019826 577
0767018702 848
0739046500 509
0756623685 592
0615353789 350
0307141144 77
0615491316 368
0767024427 906
0767800311 951
0767011058 743
0615219675 326
0307142620 91
0307142493 90
0740307290 533
0310684420 204
0005054885 18
076702298X 885
0738921475 481
0764002473 629
076400459X 638
0738921610 483
0757919324 599
0764002465 628
0310282470 155
0310702763 216
0615327087 343
0005257859 35
0394892410 254
0328101192 249
0756623715 593
0738920495 471
0310894956 230
076011157X 607
032134250X 233
0563412674 291
0615229476 329
031068787X 205
0615385656 354
0739045067 506
0635091550 409
0618528040 387
0767021266 875
0740325124 569
0764007440 662
0618501878 386
0740310798 539
0310396336 186
0615695000 379
0634029355 398
0310269458 131
0736927522 448
0307889718 109
0767021665 878
0767804236 989
0767012437 764
0767017382 821
0767016572 810
0615254721 333
0767015932 803
0767014324 784
0767026128 918
0767015223 791
0767014634 788
0767013859 778
0767012852 771
0767012739 768
0394897609 255
0767012348 763
0764005367 646
0767010302 732
0767005651 721
0615476988 366
0005253500 33
0767004914 716
076700082X 702
0766250822 695
0767015754 801
0764821679 679
0764009877 669
0130359742 58
0767011511 750
0739606727 531
0767023943 900
0634029347 397
0321647041 237
0005257891 36
0760113858 608
0767020359 867
0687467012 419
0615624987 375
0764001035 624
0738706221 456
0757936857 601
0739055224 514
0764000926 619
076701622X 806
0739045091 508
0310396867 187
0764000381 616
0760133956 612
0767012577 766
0767004132 714
0615505635 369
0756628326 595
0767025784 916
0756033918 589
0746893531 573
0321636937 236
0740310771 538
0740319116 560
0767024176 904
0101529376 55
074031663X 547
0307141225 79
0764004158 634
0767083350 935
0756662990 598
0767011716 753
0740309498 535
032308916X 247
0766233995 692
0767020545 869
0078698146 54
0739051210 512
0767012844 770
0739042203 499
0767005880 722
0205298958 72
0739075934 527
0766207579 684
0739032631 490
0738920630 473
0738920339 464
0307141217 78
0764004549 637
0767010019 731
0766232336 689
0740318950 558
0767012119 761
0767015533 797
0307141071 74
0739040251 494
0310291208 162
0760102996 605
0696300788 423
0767801490 957
0687497590 420
0439027640 260
0615195555 322
0679884815 415
0310705657 217
031032937X 178
0764820516 678
0310328225 173
0767806239 998
061544721X 361
0620264535 392
0739038303 493
0310333083 184
0563409436 287
0133204162 68
0756030579 582
0307141462 82
0767801814 960
0736040773 432
0738920479 469
0738919012 459
0310279623 148
0310277574 142
0560299990 281
076400753X 663
0307554015 102
073904138X 498
0767802683 979
0764127861 672
0736060138 434
0739042726 501
0738920525 472
076400235X 627
0764005642 652
0736096744 442
007312155X 45
0740316648 548
0307732207 108
0005253446 32
0767014251 783
0767804325 992
0738920444 468
0764004603 639
0310280796 152
0006886558 42
0310271169 134
000510372X 25
0590295918 305
0740314564 544
0310397030 188
0767021622 877
0767009711 730
0738921335 478
0001516035 8
0767802624 977
0307143341 98
0767805712 996
0310257158 119
0011528230 43
0001527665 11
030714335X 99
0764006770 659
0132534894 67
0764006355 656
0005055121 19
0578000601 295
0615763146 381
0767011708 752
0736928936 450
0307143619 100
0130473456 59
0739042319 500
0310397189 189
0740324802 568
0764821687 680
0307142353 85
0767007751 727
0767603680 946
0764000446 617
0310694817 211
0310269881 133
0310818028 224
0767015045 790
0767804341 993
0767016629 811
0740318934 556
0764005383 647
0718009223 431
013091133X 61
0323056946 245
0739060287 521
0764004611 640
0310279690 150
0767023455 893
0439835410 263
0767011023 742
0517570904 274
0615113729 313
0310889855 226
0767018060 836
076701409X 782
0615386814 355
0310329523 180
0563412534 290
0738920223 463
0738921351 479
0615114180 314
0310274281 138
0307554023 103
061529118X 340
0767017021 815
0634050028 400
0001485423 7
0740312901 542
0756030099 580
0634009311 393
0634029231 396
0615693873 378
0126604258 56
0767018001 835
0767018257 837
0767085930 937
0767805739 997
0310329396 179
0307142477 88
0767018958 853
0767019059 856
0767019873 861
0310582792 197
0767021258 874
0764821954 682
0563227575 282
0767023447 892
0739607294 532
0766228800 686
0767024885 910
0767025075 911
0737802901 455
0310691281 207
0767036611 929
0767739590 949
0767740963 950
0767800761 953
0767801601 958
0767801830 962
0767802497 970
0767802551 973
0767802594 975
0005452287 39
0000695009 4
0767017617 826
0756030706 584
076780094X 954
0767802802 981
0615113702 312
0005257832 34
0310271967 136
0310322197 165
076701846X 842
0736060286 435
0767001206 703
0740318896 555
0615115187 315
076708053X 933
0739040324 496
030714318X 97
0767012178 762
0767801865 964
0767002482 708
0005119367 27
0310693357 210
0615336132 347
0718003381 429
0767002814 711
0767024028 901
0740312626 540
0005019222 13
076400638X 657
0615679536 377
0767005953 723
0696241099 422
0740318942 557
0767027183 926
076780337X 985
0740319094 559
076702639X 922
0736070001 439
0328048216 248
0766233790 691
0767040139 930
0323052924 243
0310250048 113
0767803434 986
0135135044 69
0740310712 536
0738933937 488
013022183X 57
0767804252 990
0394829816 251
0718003365 428
0310705932 218
0714860239 425
0563228156 284
0760125538 609
0615539289 372
0012175447 44
0310893984 228
0739064525 524
0615270778 336
0615255868 334
0767010434 733
0310280893 153
0764005359 645
0767022602 883
0736060294 436
0767803329 983
0767017765 830
0767003357 713
0767018478 843
0764005685 653
061522153X 328
0618611401 389
0310256240 116
0767801857 963
0615212050 324
0310285569 156
0767019083 857
0590582380 306
0764005553 650
0767017226 819
0578009927 297
075603003X 578
0394898842 257
0307554066 105
0741100967 572
0563228172 285
0767012631 767
0767013379 775
076400557X 651
0738920371 466
0615471463 365
0767013433 776
043981460X 262
0310678668 199
061530091X 341
0736922628 446
0767802470 969
0310691621 208
0310324491 169
0767013301 774
0739045032 504
0764000969 622
0307593908 106
0310286875 157
0634069845 407
073892038X 467
0634090283 408
0615117120 316
0615544266 374
0578046725 300
0767015363 794
076701443X 785
0310427754 192
0615656579 376
0767013972 780
0758900600 603
0738920967 477
0307554031 104
0517560984 273
076700552X 718
0767024486 907
0767015800 802
0615344216 348
0740321838 564
0767802616 976
0767802519 971
0395815428 258
0005134188 29
0767016351 807
0578057247 303
0618250972 385
031073844X 222
0307141128 75
0736929045 451
0767025512 914
0767005554 719
0310328241 174
0767801970 967
0767087372 939
076780161X 959
0634061801 404
0767018494 845
0767023331 891
0521613442 276
0005019281 14
0005097231 23
0739059114 520
0563412860 292
0711995958 424
0679808205 412
0310256844 118
0767019768 860
0736339175 443
0767022157 880
0545296323 279
0764005022 643
0609810553 309
0681396474 418
0634055534 402
0634029363 399
0615111017 310
0563227591 283
0740310763 537
076013393X 611
0615181848 321
0526120525 277
0615315763 342
0767018443 840
0764008722 664
0310276837 141
0767022246 881
0609607510 308
0679884793 414
0767011341 746
0739048287 510
0615543537 373
0767020588 871
0718003411 430
0767803310 982
0767011155 744
0767015584 799
0310266378 126
0764005448 648
0767010736 736
0740328271 571
0767022831 884
0767018885 850
0615270557 335
0310329582 181
0738900672 458
0310324181 167
0766232328 688
0323013309 240
0545374138 280
0307514161 101
0766235947 693
0740318764 554
0310292956 163
0310546532 196
0307141985 84
0439837952 265
0767012100 760
0767021983 879
0736917500 445
0310242444 112
0615855482 384
0760339740 613
0307142817 96
0310261988 124
0767016807 812
0310705967 220
0767001311 705
0767008642 728
0310261791 123
074031291X 543
0767016017 804
0736926089 447
0739044265 503
0692002146 421
0764004662 641
0321680138 238
0594580897 307
076701717X 817
0767087283 938
0394898702 256
0767017153 816
0736915842 444
0767083482 936
0767024397 905
0005048524 17
0767018923 852
0767028627 928
031020559X 110
0739045083 507
0767021444 876
0767010779 738
057804546X 299
0615208185 323
0310261783 122
0767017536 825
0764000950 621
0767800745 952
0738920487 470
0615536255 371
0767081455 934
0767600983 945
0310269164 130
0307142426 86
0767024494 908
0000589012 3
0756014352 575
0739068369 525
0767018648 846
0767023250 889
0679892869 417
0738900370 457
0323046371 242
0767026225 919
0767018451 841
0310684390 203
0078296757 52
0767600401 942
0764001876 625
0310280923 154
0077479637 51
0767019954 862
0764006797 660
0767015681 800
0615489958 367
0764006584 658
0194593711 71
0767017498 823
0615445055 360
0767020308 866
076702625X 920
0767011759 754
0767804074 987
0307142752 94
0766251365 696
0310683750 202
0767025652 915
0740328050 570
0756032342 586
0310275288 139
0767023617 896
0673217272 411
000503860X 15
0000143529 0
0615797717 382
0736943676 454
0764009931 670
0767017633 827
0740316869 552
0310256542 117
0767018672 847
0764430386 675
0634065130 405
0718000315 426
0310498244 194
0767011422 748
0005165687 30
0764007211 661
0615377777 352
0767600606 944
0323077986 246
052115006X 275
0073259152 47
0615380506 353
0767013166 772
0615278094 338
076701118X 745
0615392040 356
0767804929 994
030714142X 81
0764003410 632
0307731464 107
076400297X 631
0739060767 522
0310327679 172
0767027043 925
0073325570 49
0736938389 453
0310695791 213
0634018191 395
0767011015 741
0767019245 858
0736069917 438
0767802535 972
0757931847 600
0764004468 636
0764002236 626
0310278910 146
0736928456 449
0000791156 5
0767027590 927
0756638909 597
0767017374 820
0767020553 870
0767013271 773
0767017412 822
0310279658 149
0615363628 351
0767000021 698
0132533669 66
0767802772 980
0767004485 715
0005123909 28
0767017986 834
0756014379 576
0767002652 710
076780676X 1000
0767018435 839
0738921467 480
0767801482 956
0615526462 370
0310320224 164
0310694922 212
0159505100 70
0439799368 261
0767023722 897
0767013999 781
0767016041 805
0764005707 655
0310738466 223
0001526863 10
0756030676 583
0310280761 151
0767021053 872
0739033980 491
0767024125 903
0615172083 320
0760103496 606
0764821946 681
0767017218 818
0767018486 844
0005041104 16
0767026977 924
0766232565 690
0615422853 358
0310269148 128
0310250056 114
0310698812 215
0767003292 712
0446536547 267
0767018982 854
0738920770 475
0756628261 594
0615736750 380
0738921505 482
0307141950 83
0764005537 649
0764008749 665
0756628334 596
0767020510 868
0310680786 200
0738920215 462
0310263662 125
0679828192 413
076701183X 755
0740312693 541
076702656X 923
0767005236 717
0664229263 410
0739037986 492
0767088247 941
076701524X 792
0005059836 20
0738934003 489
0767007689 726
0395950449 259
0394547411 250
0615111114 311
0615399398 357
0739040375 497
0310499887 195
0766215334 685
0310894395 229
0578045427 298
0767025385 913
0764009958 671
0767802659 978
0767018907 851
0767019040 855
0756030536 581
0767013905 779
0310892627 227
0310324173 166
0005089549 21
0394830717 252
076700745X 724
0310329841 182
0767800958 955
0578002019 296
0310278899 145
0739069713 526
0767012771 769
0767018877 849
0756030870 585
0767017722 828
0767015436 796
0473096218 269
0739476564 529
0563411880 289
0131904388 65
0738919039 460
0750699965 574
0767801822 961
0764002589 630
0321535154 235
0756030080 579
0073291404 48
0740316605 546
076700034X 701
0767023587 895
0764476254 676
coseno ajustado 

usuario: item: 