BX-Dump/BX-Book-Ratings.csv
init 
init 
gg
8879832905 369
2020101653 534
06514251 813
3791535889 98
2010173929 245
3453137442 195
8449416078 494
0590470485 723
8426449476 119
0091830893 126
0099549611 402
226612269X 627
8495501198 507
8423314901 73
0155061224 1
0141181222 416
0833531654 782
2253150711 157
2020058863 532
8495618052 125
044020562X 321
3442430496 816
0886773741 694
0061000027 780
3492045170 752
0345404114 988
2800135565 262
8833908488 358
3442421357 309
3426671298 183
0440414121 112
0684845768 736
0140260498 131
8432205311 400
8440696833 490
3608932240 214
3442424216 42
2253030570 556
2800108584 258
0486282112 431
0345348672 675
9726954835 105
880781112X 348
1558172882 979
0449213013 995
0671032658 970
0684871726 945
8408040383 632
0446602485 961
0786014512 15
0600571165 276
2253063339 622
8426429807 843
0767903382 891
0316154059 901
0151010633 417
3517017442 52
3257228317 744
0099287692 807
0879517344 451
2020591944 540
8426449573 120
8474104823 497
2277302228 585
0380807343 528
0671011367 760
3257062354 743
3499221489 702
3453157745 45
0066210151 863
8420444367 469
0521795028 4
0671034944 242
8804375299 338
0340818182 670
0060094117 895
8427007450 481
8429753419 485
888634712X 371
8888424121 373
0553211056 984
3442136644 66
0399151478 929
226403114 570
0439286182 427
0886775957 698
0061083259 730
340645724X 306
226403601X 573
0843946415 244
038550120X 8
3499433443 206
2226126570 554
360893541X 215
0060517794 16
359621078X 213
8432087653 775
0786817070 144
0425104273 680
0345423402 296
0399141340 913
0449210197 374
0312966970 668
3453185323 48
2723402983 256
8470394126 848
0399146504 915
3922708072 666
0609804138 796
0446605484 792
8478442588 81
2070332985 251
0684846608 944
0330373269 636
0595132189 436
0006379702 88
0699854289 142
8845219747 361
3453073398 92
2203142278 252
0385504209 424
0394543289 910
0812571029 128
2869305583 602
2842190009 161
3596221234 658
3499264528 205
8426109799 480
8440630921 846
8408011200 466
0194216748 419
0385479565 991
0064404773 854
0751503894 867
009975181X 331
344215121X 184
0517642689 275
0836218833 279
0451188454 794
0151446474 376
0671021354 523
0843920262 36
2800134259 259
2895400644 603
0060951303 411
0312874243 898
8433914456 76
0812583566 449
2290321028 160
043527242X 425
680ISBN359623 669
0312864590 673
345309221X 311
3423205806 180
0330201700 169
2253050407 558
0743407377 948
8845915913 110
055321358X 239
2020564777 539
0439286239 428
0375400699 423
0553095439 964
0399135804 911
0061097101 787
0743407067 799
0871312549 986
347354034X 198
8475251471 953
2264024674 566
3550075359 757
3453185137 47
2253152072 625
0749931434 446
0553262505 812
3502517371 655
0064430227 381
8877825200 366
2702401694 630
3404122879 37
0517093715 688
8420432113 468
0451166892 29
0425178102 980
3442455707 805
0099414732 412
3442440777 225
342313075X 287
3770131495 219
8424130081 118
3423084049 89
3257224281 6
0886775426 697
374661922X 218
1573248533 147
0671746502 441
3596287200 235
0399149783 925
3596154766 758
0804109990 950
0671729438 440
0590436481 713
2742724613 593
8882461327 637
0671021346 102
0380005239 167
2070414256 620
3426615355 803
3404921178 177
3478387507 751
342677609X 747
8447312054 493
3453132262 315
9871138016 514
9026935722 322
0786812508 143
0140118608 877
014366020444 333
0486282406 999
0743486226 949
0316287555 902
8475961290 500
8496075850 336
9681500830 774
0671793489 735
8817860751 764
457871971 835
8807812495 349
055358068X 883
0451180054 685
0590442996 718
0399151451 928
0446611212 793
0722536283 785
0240514866 420
0816704627 826
031286504X 886
0440111323 933
0399147144 918
8466300821 79
0312925689 733
842975295 484
2890510328 284
0316666343 421
0312983271 790
3442727073 749
2266102621 581
8838910987 359
2830207904 830
8807813858 639
0425156028 992
0156006065 135
349926028X 233
3492224628 609
0552545228 856
2266047280 576
8423970647 478
8432227706 486
0449213730 996
8473068971 496
0061096261 671
1573229571 827
3492238882 651
8820024381 355
0805047379 769
3423100424 223
0425191184 865
8804510579 341
0099283697 613
055358295X 939
0843951826 860
1562827898 104
2264029463 569
3764501383 97
9057868059 57
0312169817 672
0943066433 21
3608935428 216
8501023450 327
3809410357 319
2266102028 580
0836220889 280
0440241537 388
3886807843 295
0399146466 914
3453171500 818
081297106X 859
2869304129 599
0590417827 707
0060964049 527
1557730091 978
3596125006 53
0449221512 938
8447306194 492
8807806746 346
3100970616 742
0440220602 683
2013218826 248
3442425573 43
3423128879 745
0590108395 821
3453127013 230
0752844040 618
3596214629 759
0590436503 715
2253137243 623
2290312924 588
3492231322 199
0812568710 975
0385334141 864
0375724400 989
1586609726 880
0425172546 681
0064405176 106
3545202461 755
0571058086 60
0688172377 334
3551551936 212
0590456458 721
8481301213 824
2264027134 626
3446202102 91
221096900X 254
3404611306 39
3492232000 67
00273755 332
3772402542 660
8887432252 372
2266040820 575
059043649X 714
0553564994 968
0684801663 943
3453870190 196
0061087017 731
8806162160 384
2290303488 586
342310538 9
2.02.032126.2 530
8434830809 487
2253044903 156
8402007287 838
034544003X 31
2800135522 261
0449130282 994
0446362220 993
0843949163 693
844140321X 634
0451178017 983
8423918335 841
0425175405 958
0316781266 163
0399139419 957
8437606322 77
0812571118 951
8478809783 502
0385264356 679
0441005470 936
8879285513 367
0399148450 922
3125785006 166
034541389X 903
0439087597 138
0553382411 889
88741800047 364
0440241073 874
2070425770 550
006054094X 857
1841193887 833
2070403734 153
3499222213 201
0099543818 63
055356451X 13
8879839993 113
0446613843 386
8817151068 375
8588615126 329
8842806978 360
3596218098 27
2264036036 574
3772420176 661
8806144146 343
3453877241 50
8401462231 464
0060505885 786
1885408226 23
8879285645 368
088365721X 281
9513098648 820
8420427462 467
2253171670 561
8476722338 501
0460905589 825
2070404722 547
2864322102 71
8440627203 489
052165615X 3
899792145 379
3423118709 646
1400002672 454
0060096195 132
3453009304 226
0590436449 710
8804512652 342
3440054594 647
0449221148 429
3932069234 222
0064407667 855
0140367446 273
3492224768 610
3821815191 221
8571648972 328
3806852456 663
038076041X 137
349912176X 200
0451091949 963
8445071572 491
344242529 290
0679745580 443
0140327592 414
0552546933 140
0446364193 172
3423201509 288
0590502123 435
0075536498 806
0743201604 946
0671024108 103
0373250223 771
0385729340 170
0425188221 325
0399138684 871
8420789895 470
0440225825 162
0141011904 286
0553140779 776
2070404587 545
0747558167 24
8472453723 495
0395547032 111
0590436422 709
1400001625 453
20103389 246
0812511816 781
840149768X 836
3453132041 750
2800135719 263
0451167317 34
2264013257 564
2232122263 155
0375821813 136
0425115801 10
3548603203 96
0385720920 810
3453213025 49
8429712372 482
042518109X 324
0590456504 722
0061056774 101
0312244266 738
3426690179 41
0805057706 145
0380711524 33
2842611462 597
2070725804 551
2070365832 541
0451173139 998
3548359698 756
3548602967 208
0061054151 100
0345249372 320
8484330478 69
3808572612 664
8440682697 30
3257227264 285
B0000BLD7X 54
3455077331 197
8495368099 82
000651118X 148
0061007129 779
3453211014 231
0140154078 413
1570231028 22
3442442796 190
0345450175 904
1593080255 168
3423111321 65
8807810751 347
3596247500 318
2020062399 533
3596129389 316
3551551693 211
0375901582 390
1566911605 394
2742739351 459
3522149904 460
0060002484 894
8422655500 471
8817112917 353
8474263123 498
0460010239 515
0670894184 940
0099460343 389
0618045996 761
3499101505 754
3423202327 746
0671653849 971
0688174590 885
2070408450 549
0553299506 1000
2264033282 572
3404143299 304
0140187758 614
0446310786 641
349202436X 638
0140182551 640
067104754X 798
3499121808 652
3502513333 654
3596850185 659
3821812028 665
0425182932 959
3809407536 171
3499230933 61
0449224449 997
8483221306 504
0590436465 712
1569312435 297
3442437407 25
0061094404 732
0553285920 985
0671537458 19
8500010452 326
0140328742 271
2253172367 562
0971880107 452
0380726246 955
0385272324 149
3453126912 313
2290308285 587
3499231603 293
8437608570 845
8420636282 399
2061007074 456
0385422598 990
3608935436 217
067102423X 969
0345452550 905
3423071516 178
1883473004 778
0689817851 727
3775713328 461
0738205737 393
3426622610 182
3442096596 224
0399146687 916
3442422035 186
0553586122 875
0679721851 442
0671749609 129
0754000117 447
0812533550 383
2.264.03602.8 531
8422693445 474
0399147322 919
0765342987 690
0886774802 695
0440295653 734
0486424499 432
2070264564 151
3404145909 175
034545104X 0
8496280012 378
20203119888 537
2070404706 546
8423951537 477
0786013990 14
0440498058 108
0880381744 784
0345425596 704
0375706038 858
2253144452 624
0865472807 881
0701169176 737
0886777178 699
8427911769 75
043935806X 84
2070419657 621
8496077209 509
0425183181 932
0446610038 982
0553275283 433
1551666308 397
0679450408 942
3785527195 892
950491036X 512
2012003494 247
0439104769 107
0553266306 689
0345391810 422
0380975017 907
8484601072 635
8831760122 357
0330262130 809
0375756981 888
0451207955 795
0399150811 926
8495501090 506
290757213X 605
077104450X 277
0380724987 954
0713628944 617
2070386023 543
014014899X 268
349223903X 292
0671024094 941
3596147700 611
8401471796 116
8846200624 363
8434840391 488
2266121367 584
0812500067 973
0792270142 884
0140367616 415
0671027662 890
0671027506 525
0399148337 921
0590483404 522
0451527747 430
0140252517 269
3499233436 204
1585861553 862
2869304870 601
0874869870 728
8426105084 842
2800135727 264
3404148576 176
843223138X 844
0385503822 869
2266105698 583
0345443683 83
2205040561 253
0515131520 687
3426029553 181
0380816059 956
0140366830 272
8401009421 462
3257060580 767
8420457477 240
3548208975 870
0446603406 962
0345342968 887
2264010991 563
3596119502 657
2266104535 582
3257218516 300
0099268345 741
2266095536 457
0141310340 133
0099935708 876
8807700735 345
8425330866 823
3453071174 229
0586207414 127
2253055972 559
0393319296 811
0671727109 526
0316154601 615
225307659X 560
3492226604 51
3499153629 653
0439064864 529
0552998249 878
0060930187 725
0425189864 872
0439135494 518
0380731851 791
8589885291 330
0553227041 965
3442723078 648
2702424131 591
0299164942 788
8478885218 122
8496077152 508
0440221463 935
2080680676 154
8401327199 463
0452282101 765
8423310353 633
039915177X 930
3442449820 194
0590426702 708
1852422580 404
8845249689 362
8481305464 335
8478885463 123
3442413508 185
0375727981 906
1853260665 619
0399148728 924
3453092007 44
8482180088 503
3442448530 193
0613329740 437
2800134267 260
0749336145 516
0380000059 32
8448034023 241
0393045390 909
0312331754 897
0425182150 777
3404614542 305
2070334430 152
2277221678 159
2264031158 571
329300301X 644
9782922145441 829
3442446414 192
2742724028 592
0671723650 382
884590184X 385
3492230814 753
0399148639 923
8497931467 511
8445072919 78
3257008155 643
067172939X 439
2742729038 594
2253005274 255
0060930934 410
2038701962 150
2422614189 703
8804321008 337
0553572369 59
3499263998 831
0880381736 783
20202006935 536
1899344705 517
0886776783 642
880701601X 739
0590260251 706
0439284031 426
0140270272 387
2266076000 158
1400032628 861
0375700668 834
2013220162 249
3453034120 649
3551551685 210
2290309494 458
0060011939 612
0679776818 20
055310666X 85
0590442589 716
0671026283 524
3442443806 310
0590453661 520
0582530431 434
0446519480 937
0812509560 802
0060520507 409
3596122279 234
22660861003 578
3442451353 822
0316152196 900
2226135022 555
0441008291 406
3453061187 228
0140279091 58
033390804X 26
8807816059 351
8423325105 475
0399138188 912
0451454952 35
0345354621 676
3453150538 608
8489163499 505
0440218667 682
349915398X 95
8817877028 354
0446609404 981
2841469824 596
0553561618 12
002542730X 408
342662429 40
8439598459 267
842333533X 74
8876846565 365
3502551685 656
0440228840 392
0969691319 952
0375760911 726
8434811634 68
0684867621 28
0099845008 808
042513976X 405
0345348664 674
2226070109 553
8474541913 851
3404182928 38
840149236X 465
0553263226 966
207033015X 250
0451192001 17
3499134004 94
3442435838 804
3714500799 868
0671003755 797
0345385764 677
2743602295 595
3426192543 307
226402593X 567
226604960 577
3506464078 207
0600570967 7
2070406962 548
1892213141 298
3704320196 294
0399150870 927
0006511929 407
0449006522 11
0399147624 920
0439317746 391
0451097009 772
3442437717 188
0060542845 395
847765011X 80
0449217264 237
0140062718 130
3404139178 303
1551925060 146
0701162767 403
2803616998 265
0890875588 977
1559712252 282
2266096451 579
3596151465 62
8817106100 352
0399147101 917
3794170180 662
059035342X 616
8401461189 115
3404131606 302
842265783X 473
8478886044 124
2878580753 631
2290321559 590
0425131378 274
0440122147 934
2290315524 589
074931012X 243
0330332775 86
3379015180 174
0440236053 873
1572971835 700
9029716894 56
2070394956 544
8401328322 114
0590448234 719
2907572121 604
883041915X 356
2080680692 552
0671027343 866
0061081450 729
8420600369 839
0671025368 766
3426193310 853
0439401399 139
0609801279 18
2702400612 629
8478884831 121
0312283709 789
0671876244 165
3551551677 209
3423204885 179
0892964456 770
0449148831 396
059030271X 519
8440630922 847
3426702266 308
3480204015 650
000225669X 401
8804407808 339
0142302198 134
3462026062 232
3442446325 817
9722900684 701
3464371506 819
0312979517 899
9508521481 513
3453115783 93
0434009407 832
2747002748 257
0789706032 278
0590442988 717
0689804458 141
1558744592 893
N3453124715 55
3442444020 191
3453108361 312
2070378411 542
8484332039 70
0590483056 724
3453176944 46
8807813157 350
8401499917 837
3257228007 815
3596237874 317
0812550153 691
8804464895 340
3922524443 236
2020386666 538
0553581112 768
3442131340 90
3453042905 227
0192834312 418
3404147723 64
1566190096 606
3442441080 189
8433967606 377
0590470108 521
0312253397 896
0312960344 882
0886774829 696
0843128240 450
0590436457 711
0140269967 270
0140621741 238
0345435036 678
0747545111 445
0805062971 814
0446520802 2
0399151885 931
3404126343 301
3446200452 291
8478091351 852
3257200552 173
8471662531 849
3419528078 645
8420430943 398
0786013230 801
1853262404 455
2253049417 557
0722509049 972
1567616089 283
8807817144 109
3499228297 202
3518408127 879
2868696627 598
0804106304 448
8423996565 117
2869304560 600
0385305389 908
074343627X 800
0691000980 444
0440225701 960
7321578936 667
8429714936 483
8472230082 850
3423206616 289
2907572458 266
2080674722 5
8423976645 479
3822858617 762
3809024589 220
0425167097 323
063403541X 438
0590448595 720
0446522856 684
2264027568 568
8402065945 72
0812516001 974
3499232529 203
8496246140 510
0864425589 763
0345446860 164
2290318329 628
8806155873 344
074320607X 947
B158991965 380
0749317256 607
8420603066 840
3442054753 748
8475071163 499
8881110288 370
0451198514 686
0812550307 692
0590259970 705
8817134899 740
8423662152 476
8530805461 299
0843921609 976
3442435773 187
0330367358 87
8422657104 472
3453130901 314
202011528X 535
0060595183 828
0451179994 773
0020259700 987
0553295098 967
2264018194 565
0061054143 99
coseno ajustado 

usuario: 